Train = [ 600 , 1150 ]
Test = [ 1151 , 1200 ]
RMSE =  203.244169917
Abs Error:  0.164631178703
