Train = [ 800 , 1200 ]
Test = [ 1201 , 1250 ]
RMSE =  235.896574149
Abs Error:  0.119836846139
