Train = [ 0 , 550 ]
Test = [ 551 , 600 ]
RMSE =  137.802583445
Abs Error:  0.329885364878
